bus_00045 person 0.999376 78.000000 858.000000 514.000000 1304.000000
bus_00045 person 0.999129 1883.000000 1109.000000 2438.000000 1666.000000
bus_00045 person 0.999059 450.000000 792.000000 727.000000 1109.000000
bus_00045 person 0.998993 810.000000 501.000000 1023.000000 703.000000
bus_00045 person 0.998835 891.000000 700.000000 1522.000000 1515.000000
bus_00045 person 0.998781 586.000000 556.000000 882.000000 866.000000
bus_00045 person 0.998241 1755.000000 337.000000 1950.000000 497.000000
bus_00045 person 0.997237 1624.000000 537.000000 1908.000000 795.000000
bus_00045 person 0.996230 930.000000 429.000000 1146.000000 598.000000
bus_00045 person 0.996078 2.000000 1122.000000 275.000000 1873.000000
bus_00045 person 0.994595 1195.000000 270.000000 1331.000000 417.000000
bus_00045 person 0.994150 513.000000 718.000000 781.000000 956.000000
bus_00045 person 0.990327 2597.000000 923.000000 2752.000000 1305.000000
bus_00045 person 0.989035 1835.000000 251.000000 1967.000000 362.000000
bus_00045 person 0.987938 1929.000000 187.000000 2043.000000 299.000000
bus_00045 person 0.974371 1005.000000 366.000000 1191.000000 538.000000
bus_00045 person 0.968305 1335.000000 209.000000 1470.000000 328.000000
bus_00045 person 0.949654 1437.000000 164.000000 1560.000000 285.000000
bus_00045 person 0.938299 2174.000000 21.000000 2305.000000 182.000000
bus_00045 person 0.932801 53.000000 1113.000000 428.000000 1526.000000
bus_00045 person 0.903656 1304.000000 265.000000 1408.000000 383.000000
bus_00045 person 0.829349 1674.000000 64.000000 1776.000000 158.000000
bus_00045 person 0.604046 1158.000000 363.000000 1239.000000 508.000000
bus_00045 person 0.543986 1939.000000 111.000000 2045.000000 195.000000
bus_00045 person 0.167900 1987.000000 24.000000 2070.000000 95.000000
bus_00045 person 0.122736 956.000000 812.000000 1002.000000 984.000000
bus_00045 bicycle 0.807451 2294.000000 329.000000 2349.000000 484.000000
bus_00045 bicycle 0.642041 2174.000000 333.000000 2223.000000 476.000000
bus_00045 bicycle 0.558511 249.000000 573.000000 309.000000 721.000000
bus_00045 bicycle 0.382791 2297.000000 279.000000 2353.000000 384.000000
bus_00045 bicycle 0.261650 2439.000000 500.000000 2502.000000 616.000000
bus_00045 bicycle 0.115007 2107.000000 135.000000 2142.000000 219.000000
bus_00045 car 0.997080 2041.000000 843.000000 2189.000000 1119.000000
bus_00045 car 0.994916 2470.000000 980.000000 2652.000000 1348.000000
bus_00045 car 0.992244 2052.000000 461.000000 2156.000000 641.000000
bus_00045 car 0.983661 1945.000000 519.000000 2048.000000 729.000000
bus_00045 car 0.976946 1891.000000 463.000000 1991.000000 664.000000
bus_00045 car 0.956815 2026.000000 269.000000 2084.000000 396.000000
bus_00045 car 0.942929 1978.000000 395.000000 2053.000000 548.000000
bus_00045 car 0.572443 2432.000000 580.000000 2533.000000 780.000000
bus_00045 car 0.525169 2202.000000 387.000000 2294.000000 518.000000
bus_00045 car 0.263710 2013.000000 151.000000 2073.000000 235.000000
bus_00045 car 0.227993 1884.000000 422.000000 1975.000000 568.000000